j = sqrt(-1);
Ybus = sparse(3);
Ybus(    1,    1) =      6.0250+ j*(  -19.4471);
Ybus(    1,    2) =     -4.9991+ j*(   15.2631);
Ybus(    1,    3) =     -1.0259+ j*(    4.2350);
Ybus(    2,    1) =     -4.9991+ j*(   15.2631);
Ybus(    2,    2) =      6.7003+ j*(  -20.4133);
Ybus(    2,    3) =     -1.7011+ j*(    5.1939);
Ybus(    3,    1) =     -1.0259+ j*(    4.2350);
Ybus(    3,    2) =     -1.7011+ j*(    5.1939);
Ybus(    3,    3) =      2.7270+ j*(   -9.3870);
