j = sqrt(-1);
Ybus = sparse(24);
Ybus(    1,    1) =    353.1131+ j*( -629.2652);
Ybus(    1,    2) =   -349.0644+ j*(  613.8546);
Ybus(    1,    3) =     -1.1405+ j*(    4.4436);
Ybus(    1,    5) =     -2.9083+ j*(   11.0102);
Ybus(    2,    1) =   -349.0644+ j*(  613.8546);
Ybus(    2,    2) =    352.2874+ j*( -626.0209);
Ybus(    2,    4) =     -1.9389+ j*(    7.3435);
Ybus(    2,    6) =     -1.2842+ j*(    4.8693);
Ybus(    3,    1) =     -1.1405+ j*(    4.4436);
Ybus(    3,    3) =      3.5376+ j*(  -24.1476);
Ybus(    3,    9) =     -2.0707+ j*(    7.8418);
Ybus(    3,   24) =     -0.3265+ j*(   11.9100);
Ybus(    4,    2) =     -1.9389+ j*(    7.3435);
Ybus(    4,    4) =      4.1203+ j*(  -16.0439);
Ybus(    4,    9) =     -2.1814+ j*(    8.7326);
Ybus(    5,    1) =     -2.9083+ j*(   11.0102);
Ybus(    5,    5) =      5.7022+ j*(  -21.5631);
Ybus(    5,   10) =     -2.7940+ j*(   10.5778);
Ybus(    6,    2) =     -1.2842+ j*(    4.8693);
Ybus(    6,    6) =     15.2246+ j*(  -25.3211);
Ybus(    6,   10) =    -13.9404+ j*(   20.5448);
Ybus(    7,    7) =      4.0500+ j*(  -15.3054);
Ybus(    7,    8) =     -4.0500+ j*(   15.3143);
Ybus(    8,    7) =     -4.0500+ j*(   15.3143);
Ybus(    8,    8) =      6.9743+ j*(  -26.6410);
Ybus(    8,    9) =     -1.4621+ j*(    5.6917);
Ybus(    8,   10) =     -1.4621+ j*(    5.6917);
Ybus(    9,    3) =     -2.0707+ j*(    7.8418);
Ybus(    9,    4) =     -2.1814+ j*(    8.7326);
Ybus(    9,    8) =     -1.4621+ j*(    5.6917);
Ybus(    9,    9) =      6.3672+ j*(  -46.0312);
Ybus(    9,   11) =     -0.3265+ j*(   11.9100);
Ybus(    9,   12) =     -0.3265+ j*(   11.9100);
Ybus(   10,    5) =     -2.7940+ j*(   10.5778);
Ybus(   10,    6) =    -13.9404+ j*(   20.5448);
Ybus(   10,    8) =     -1.4621+ j*(    5.6917);
Ybus(   10,   10) =     18.8495+ j*(  -60.5326);
Ybus(   10,   11) =     -0.3265+ j*(   11.9100);
Ybus(   10,   12) =     -0.3265+ j*(   11.9100);
Ybus(   11,    9) =     -0.3265+ j*(   11.9100);
Ybus(   11,   10) =     -0.3265+ j*(   11.9100);
Ybus(   11,   11) =      6.1054+ j*(  -68.0966);
Ybus(   11,   13) =     -2.5502+ j*(   20.7570);
Ybus(   11,   14) =     -2.9022+ j*(   23.6097);
Ybus(   12,    9) =     -0.3265+ j*(   11.9100);
Ybus(   12,   10) =     -0.3265+ j*(   11.9100);
Ybus(   12,   12) =      4.4839+ j*(  -54.5752);
Ybus(   12,   13) =     -2.5355+ j*(   20.6978);
Ybus(   12,   23) =     -1.2955+ j*(   10.2046);
Ybus(   13,   11) =     -2.5502+ j*(   20.7570);
Ybus(   13,   12) =     -2.5355+ j*(   20.6978);
Ybus(   13,   13) =      6.4837+ j*(  -52.6702);
Ybus(   13,   23) =     -1.3980+ j*(   11.3989);
Ybus(   14,   11) =     -2.9022+ j*(   23.6097);
Ybus(   14,   14) =      6.0189+ j*(  -48.8913);
Ybus(   14,   16) =     -3.1167+ j*(   25.3630);
Ybus(   15,   15) =      7.4033+ j*(  -64.8151);
Ybus(   15,   16) =     -0.0712+ j*(    5.7898);
Ybus(   15,   21) =     -4.9802+ j*(   40.2078);
Ybus(   15,   24) =     -2.3519+ j*(   18.9888);
Ybus(   16,   14) =     -3.1167+ j*(   25.3630);
Ybus(   16,   15) =     -0.0712+ j*(    5.7898);
Ybus(   16,   16) =     13.1225+ j*( -111.8670);
Ybus(   16,   17) =     -4.6755+ j*(   38.0338);
Ybus(   16,   19) =     -5.2591+ j*(   42.7865);
Ybus(   17,   16) =     -4.6755+ j*(   38.0338);
Ybus(   17,   17) =     14.1796+ j*( -115.7090);
Ybus(   17,   18) =     -8.4134+ j*(   68.4489);
Ybus(   17,   22) =     -1.0907+ j*(    9.3728);
Ybus(   18,   17) =     -8.4134+ j*(   68.4489);
Ybus(   18,   18) =     18.0832+ j*( -144.2164);
Ybus(   18,   21) =     -9.6697+ j*(   75.8353);
Ybus(   19,   16) =     -5.2591+ j*(   42.7865);
Ybus(   19,   19) =     11.5878+ j*(  -92.3344);
Ybus(   19,   20) =     -6.3287+ j*(   49.6525);
Ybus(   20,   19) =     -6.3287+ j*(   49.6525);
Ybus(   20,   20) =     17.9332+ j*( -140.5238);
Ybus(   20,   23) =    -11.6045+ j*(   90.9971);
Ybus(   21,   15) =     -4.9802+ j*(   40.2078);
Ybus(   21,   18) =     -9.6697+ j*(   75.8353);
Ybus(   21,   21) =     16.4335+ j*( -130.3755);
Ybus(   21,   22) =     -1.7836+ j*(   14.5547);
Ybus(   22,   17) =     -1.0907+ j*(    9.3728);
Ybus(   22,   21) =     -1.7836+ j*(   14.5547);
Ybus(   22,   22) =      2.8743+ j*(  -23.7533);
Ybus(   23,   12) =     -1.2955+ j*(   10.2046);
Ybus(   23,   13) =     -1.3980+ j*(   11.3989);
Ybus(   23,   20) =    -11.6045+ j*(   90.9971);
Ybus(   23,   23) =     14.2980+ j*( -112.3694);
Ybus(   24,    3) =     -0.3265+ j*(   11.9100);
Ybus(   24,   15) =     -2.3519+ j*(   18.9888);
Ybus(   24,   24) =      2.6784+ j*(  -30.8455);
