j = sqrt(-1);
Ybus = sparse(7);
Ybus(    1,    1) =      0.0000+ j*(   -3.9679);
Ybus(    1,    2) =     -0.0000+ j*(    3.9679);
Ybus(    2,    1) =     -0.0000+ j*(    3.9679);
Ybus(    2,    2) =      6.5799+ j*(  -17.3407);
Ybus(    2,    4) =     -1.9550+ j*(    4.0941);
Ybus(    2,    5) =     -1.5260+ j*(    3.1760);
Ybus(    2,    6) =     -3.0989+ j*(    6.1028);
Ybus(    3,    3) =      1.8809+ j*(   -4.4029);
Ybus(    3,    4) =     -1.8809+ j*(    4.4029);
Ybus(    4,    2) =     -1.9550+ j*(    4.0941);
Ybus(    4,    3) =     -1.8809+ j*(    4.4029);
Ybus(    4,    4) =      3.8359+ j*(   -8.4970);
Ybus(    5,    2) =     -1.5260+ j*(    3.1760);
Ybus(    5,    5) =      4.0150+ j*(   -5.4279);
Ybus(    5,    6) =     -2.4890+ j*(    2.2520);
Ybus(    6,    2) =     -3.0989+ j*(    6.1028);
Ybus(    6,    5) =     -2.4890+ j*(    2.2520);
Ybus(    6,    6) =      6.7249+ j*(  -10.6697);
Ybus(    6,    7) =     -1.1370+ j*(    2.3150);
Ybus(    7,    6) =     -1.1370+ j*(    2.3150);
Ybus(    7,    7) =      1.1370+ j*(   -2.3150);
