j = sqrt(-1);
Ybus = sparse(14);
Ybus(    1,    1) =      0.0000+ j*(  -21.3840);
Ybus(    1,    2) =     -0.0000+ j*(   16.9005);
Ybus(    1,    5) =     -0.0000+ j*(    4.4835);
Ybus(    2,    1) =     -0.0000+ j*(   16.9005);
Ybus(    2,    2) =      0.0000+ j*(  -33.3743);
Ybus(    2,    3) =     -0.0000+ j*(    5.0513);
Ybus(    2,    4) =     -0.0000+ j*(    5.6715);
Ybus(    2,    5) =     -0.0000+ j*(    5.7511);
Ybus(    3,    2) =     -0.0000+ j*(    5.0513);
Ybus(    3,    3) =      0.0000+ j*(  -10.8982);
Ybus(    3,    4) =     -0.0000+ j*(    5.8469);
Ybus(    4,    2) =     -0.0000+ j*(    5.6715);
Ybus(    4,    3) =     -0.0000+ j*(    5.8469);
Ybus(    4,    4) =      0.0001+ j*(  -41.8457);
Ybus(    4,    5) =     -0.0001+ j*(   23.7473);
Ybus(    4,    7) =     -0.0000+ j*(    4.7819);
Ybus(    4,    9) =     -0.0000+ j*(    1.7980);
Ybus(    5,    1) =     -0.0000+ j*(    4.4835);
Ybus(    5,    2) =     -0.0000+ j*(    5.7511);
Ybus(    5,    4) =     -0.0001+ j*(   23.7473);
Ybus(    5,    5) =      0.0001+ j*(  -37.9499);
Ybus(    5,    6) =     -0.0000+ j*(    3.9679);
Ybus(    6,    5) =     -0.0000+ j*(    3.9679);
Ybus(    6,    6) =      0.0000+ j*(  -20.5811);
Ybus(    6,   11) =     -0.0000+ j*(    5.0277);
Ybus(    6,   12) =     -0.0000+ j*(    3.9092);
Ybus(    6,   13) =     -0.0000+ j*(    7.6764);
Ybus(    7,    4) =     -0.0000+ j*(    4.7819);
Ybus(    7,    7) =      0.0000+ j*(  -19.5490);
Ybus(    7,    8) =     -0.0000+ j*(    5.6770);
Ybus(    7,    9) =     -0.0000+ j*(    9.0901);
Ybus(    8,    7) =     -0.0000+ j*(    5.6770);
Ybus(    8,    8) =      0.0000+ j*(   -5.6770);
Ybus(    9,    4) =     -0.0000+ j*(    1.7980);
Ybus(    9,    7) =     -0.0000+ j*(    9.0901);
Ybus(    9,    9) =      0.0000+ j*(  -26.2309);
Ybus(    9,   10) =     -0.0000+ j*(   11.8343);
Ybus(    9,   14) =     -0.0000+ j*(    3.6985);
Ybus(   10,    9) =     -0.0000+ j*(   11.8343);
Ybus(   10,   10) =      0.0000+ j*(  -17.0408);
Ybus(   10,   11) =     -0.0000+ j*(    5.2064);
Ybus(   11,    6) =     -0.0000+ j*(    5.0277);
Ybus(   11,   10) =     -0.0000+ j*(    5.2064);
Ybus(   11,   11) =      0.0000+ j*(  -10.2341);
Ybus(   12,    6) =     -0.0000+ j*(    3.9092);
Ybus(   12,   12) =      0.0000+ j*(   -8.9122);
Ybus(   12,   13) =     -0.0000+ j*(    5.0030);
Ybus(   13,    6) =     -0.0000+ j*(    7.6764);
Ybus(   13,   12) =     -0.0000+ j*(    5.0030);
Ybus(   13,   13) =      0.0000+ j*(  -15.5528);
Ybus(   13,   14) =     -0.0000+ j*(    2.8734);
Ybus(   14,    9) =     -0.0000+ j*(    3.6985);
Ybus(   14,   13) =     -0.0000+ j*(    2.8734);
Ybus(   14,   14) =      0.0000+ j*(   -6.5719);