j = sqrt(-1);
Ybus = sparse(300);
Ybus(    1,    1) =     27.0273+ j*( -232.5962);
Ybus(    1,    3) =     -0.0000+ j*(   19.2308);
Ybus(    1,    5) =    -27.0270+ j*(  162.1622);
Ybus(    1,  247) =     -0.0003+ j*(   51.2033);
Ybus(    2,    2) =     24.7077+ j*( -232.4273);
Ybus(    2,    3) =     -0.0000+ j*(   19.2308);
Ybus(    2,    6) =    -12.1951+ j*(  109.7561);
Ybus(    2,    8) =     -7.8431+ j*(   35.2941);
Ybus(    2,  248) =     -4.6694+ j*(   68.1733);
Ybus(    3,    1) =     -0.0000+ j*(   19.2308);
Ybus(    3,    2) =     -0.0000+ j*(   19.2308);
Ybus(    3,    3) =     21.6741+ j*( -820.9025);
Ybus(    3,    4) =     -0.0040+ j*(  200.0000);
Ybus(    3,    7) =     -0.0111+ j*(  333.3333);
Ybus(    3,   18) =     -1.6580+ j*(   14.3005);
Ybus(    3,  129) =    -20.0000+ j*(  140.0000);
Ybus(    3,  249) =     -0.0009+ j*(   94.8767);
Ybus(    4,    3) =     -0.0040+ j*(  200.0000);
Ybus(    4,    4) =      5.4835+ j*( -251.4913);
Ybus(    4,   16) =     -5.4795+ j*(   52.0548);
Ybus(    5,    1) =    -27.0270+ j*(  162.1622);
Ybus(    5,    5) =     33.8686+ j*( -220.8615);
Ybus(    5,    7) =     -0.0001+ j*(   25.6410);
Ybus(    5,    9) =     -6.8415+ j*(   33.0673);
Ybus(    6,    2) =    -12.1951+ j*(  109.7561);
Ybus(    6,    6) =     12.1952+ j*( -135.3971);
Ybus(    6,    7) =     -0.0001+ j*(   25.6410);
Ybus(    7,    3) =     -0.0111+ j*(  333.3333);
Ybus(    7,    5) =     -0.0001+ j*(   25.6410);
Ybus(    7,    6) =     -0.0001+ j*(   25.6410);
Ybus(    7,    7) =     32.2064+ j*( -634.3295);
Ybus(    7,   12) =    -12.1951+ j*(  109.7561);
Ybus(    7,  110) =    -20.0000+ j*(  140.0000);
Ybus(    8,    2) =     -7.8431+ j*(   35.2941);
Ybus(    8,    8) =     18.0732+ j*(  -72.9790);
Ybus(    8,   11) =     -3.5048+ j*(   16.0410);
Ybus(    8,   14) =     -6.7253+ j*(   21.7279);
Ybus(    9,    5) =     -6.8415+ j*(   33.0673);
Ybus(    9,    9) =     14.6846+ j*(  -68.3459);
Ybus(    9,   11) =     -7.8431+ j*(   35.2941);
Ybus(   10,   10) =      0.0000+ j*(  -30.1039);
Ybus(   10,   11) =     -0.0000+ j*(   11.2360);
Ybus(   10,   12) =     -0.0000+ j*(   18.8679);
Ybus(   11,    8) =     -3.5048+ j*(   16.0410);
Ybus(   11,    9) =     -7.8431+ j*(   35.2941);
Ybus(   11,   10) =     -0.0000+ j*(   11.2360);
Ybus(   11,   11) =     17.9055+ j*( -142.4100);
Ybus(   11,   13) =     -6.5574+ j*(   27.8689);
Ybus(   11,  250) =     -0.0003+ j*(   52.0021);
Ybus(   12,    7) =    -12.1951+ j*(  109.7561);
Ybus(   12,   10) =     -0.0000+ j*(   18.8679);
Ybus(   12,   12) =     20.9289+ j*( -226.0835);
Ybus(   12,   20) =     -8.7336+ j*(   65.5022);
Ybus(   12,  251) =     -0.0001+ j*(   32.0513);
Ybus(   13,   11) =     -6.5574+ j*(   27.8689);
Ybus(   13,   13) =     11.5909+ j*(  -56.3753);
Ybus(   13,   19) =     -5.0336+ j*(   28.5235);
Ybus(   14,    8) =     -6.7253+ j*(   21.7279);
Ybus(   14,   14) =     13.8682+ j*(  -43.0675);
Ybus(   14,   15) =     -7.1429+ j*(   21.4286);
Ybus(   15,   14) =     -7.1429+ j*(   21.4286);
Ybus(   15,   15) =     25.3323+ j*(  -80.5488);
Ybus(   15,   16) =     -0.6920+ j*(   26.2976);
Ybus(   15,   17) =    -14.4391+ j*(   23.1473);
Ybus(   15,   31) =     -0.9889+ j*(    3.7731);
Ybus(   15,   74) =     -1.3884+ j*(    3.4780);
Ybus(   15,   75) =     -0.6809+ j*(    2.5747);
Ybus(   16,    4) =     -5.4795+ j*(   52.0548);
Ybus(   16,   15) =     -0.6920+ j*(   26.2976);
Ybus(   16,   16) =     10.2699+ j*( -122.2308);
Ybus(   16,   36) =     -4.0984+ j*(   45.0820);
Ybus(   17,   15) =    -14.4391+ j*(   23.1473);
Ybus(   17,   17) =     14.4395+ j*(  -83.6068);
Ybus(   17,  252) =     -0.0004+ j*(   60.4595);
Ybus(   18,    3) =     -1.6580+ j*(   14.3005);
Ybus(   18,   18) =      9.7346+ j*(  -81.1940);
Ybus(   18,   20) =     -6.0976+ j*(   54.8781);
Ybus(   18,   72) =     -1.9790+ j*(   12.1784);
Ybus(   19,   13) =     -5.0336+ j*(   28.5235);
Ybus(   19,   19) =     18.6832+ j*( -129.1488);
Ybus(   19,   20) =     -0.0005+ j*(   71.4286);
Ybus(   19,   21) =    -11.8959+ j*(   24.5353);
Ybus(   19,   26) =     -1.7532+ j*(    4.7260);
Ybus(   20,   12) =     -8.7336+ j*(   65.5022);
Ybus(   20,   18) =     -6.0976+ j*(   54.8781);
Ybus(   20,   19) =     -0.0005+ j*(   71.4286);
Ybus(   20,   20) =     18.2447+ j*( -220.6020);
Ybus(   20,   23) =     -3.4130+ j*(   29.0102);
Ybus(   21,   19) =    -11.8959+ j*(   24.5353);
Ybus(   21,   21) =     15.3568+ j*(  -31.8905);
Ybus(   21,   22) =     -3.4609+ j*(    7.3877);
Ybus(   22,   21) =     -3.4609+ j*(    7.3877);
Ybus(   22,   22) =     13.5568+ j*(  -87.1796);
Ybus(   22,   23) =     -0.0000+ j*(   15.6250);
Ybus(   22,   24) =    -10.0956+ j*(   20.7226);
Ybus(   22,  253) =     -0.0002+ j*(   43.4783);
Ybus(   23,   20) =     -3.4130+ j*(   29.0102);
Ybus(   23,   22) =     -0.0000+ j*(   15.6250);
Ybus(   23,   23) =      4.9111+ j*(  -93.5820);
Ybus(   23,  231) =     -1.4980+ j*(   14.5517);
Ybus(   23,  254) =     -0.0001+ j*(   34.6021);
Ybus(   24,   22) =    -10.0956+ j*(   20.7226);
Ybus(   24,   24) =     15.7766+ j*(  -31.9007);
Ybus(   24,   25) =     -5.6809+ j*(   11.2040);
Ybus(   25,   24) =     -5.6809+ j*(   11.2040);
Ybus(   25,   25) =     10.7141+ j*(  -25.3872);
Ybus(   25,   26) =     -2.7397+ j*(    7.3059);
Ybus(   25,  232) =     -2.2935+ j*(    6.9337);
Ybus(   26,   19) =     -1.7532+ j*(    4.7260);
Ybus(   26,   25) =     -2.7397+ j*(    7.3059);
Ybus(   26,   26) =      4.4929+ j*(  -11.9504);
Ybus(   27,   27) =     27.1686+ j*( -151.4331);
Ybus(   27,   28) =     -0.0000+ j*(   15.8730);
Ybus(   27,   32) =    -16.6389+ j*(   79.8669);
Ybus(   27,   34) =     -6.8415+ j*(   33.0673);
Ybus(   27,   35) =     -3.6881+ j*(   22.6554);
Ybus(   28,   27) =     -0.0000+ j*(   15.8730);
Ybus(   28,   28) =     15.3846+ j*( -138.9289);
Ybus(   28,   36) =    -15.3846+ j*(  123.0769);
Ybus(   29,   29) =     39.6942+ j*( -128.4588);
Ybus(   29,   30) =     -0.0000+ j*(   21.2766);
Ybus(   29,   60) =     -3.2051+ j*(   16.0256);
Ybus(   29,   63) =    -25.8621+ j*(   60.3448);
Ybus(   29,   64) =    -10.6270+ j*(   30.8183);
Ybus(   30,   29) =     -0.0000+ j*(   21.2766);
Ybus(   30,   30) =      5.3692+ j*(  -57.4967);
Ybus(   30,   73) =     -5.3691+ j*(   36.2416);
Ybus(   31,   15) =     -0.9889+ j*(    3.7731);
Ybus(   31,   31) =    301.6919+ j*(-2223.7729);
Ybus(   31,   32) =     -3.5196+ j*(   20.6775);
Ybus(   31,   34) =     -4.8035+ j*(   13.9738);
Ybus(   31,   35) =     -7.1633+ j*(   25.7880);
Ybus(   31,   43) =     -2.4818+ j*(   11.8248);
Ybus(   31,   74) =     -1.3615+ j*(    3.3903);
Ybus(   31,   75) =     -2.5630+ j*(    6.9255);
Ybus(   31,  266) =   -278.8104+ j*( 2137.5464);
Ybus(   32,   27) =    -16.6389+ j*(   79.8669);
Ybus(   32,   31) =     -3.5196+ j*(   20.6775);
Ybus(   32,   32) =     29.4652+ j*( -136.4484);
Ybus(   32,   35) =     -5.5827+ j*(   25.8200);
Ybus(   32,   37) =     -3.7240+ j*(   10.1245);
Ybus(   33,   33) =     14.5209+ j*( -186.3423);
Ybus(   33,   36) =    -14.5208+ j*(  154.8887);
Ybus(   33,  255) =     -0.0001+ j*(   31.6556);
Ybus(   34,   27) =     -6.8415+ j*(   33.0673);
Ybus(   34,   31) =     -4.8035+ j*(   13.9738);
Ybus(   34,   34) =     12.7109+ j*(  -53.3301);
Ybus(   34,   42) =     -1.0659+ j*(    6.3135);
Ybus(   35,   27) =     -3.6881+ j*(   22.6554);
Ybus(   35,   31) =     -7.1633+ j*(   25.7880);
Ybus(   35,   32) =     -5.5827+ j*(   25.8200);
Ybus(   35,   35) =     21.5213+ j*( -123.3976);
Ybus(   35,   36) =     -0.0001+ j*(   34.4828);
Ybus(   35,   43) =     -1.5968+ j*(    4.6922);
Ybus(   35,   44) =     -3.4902+ j*(   10.0203);
Ybus(   36,   16) =     -4.0984+ j*(   45.0820);
Ybus(   36,   28) =    -15.3846+ j*(  123.0769);
Ybus(   36,   33) =    -14.5208+ j*(  154.8887);
Ybus(   36,   35) =     -0.0001+ j*(   34.4828);
Ybus(   36,   36) =     44.0039+ j*( -426.2643);
Ybus(   36,   40) =    -10.0000+ j*(   70.0000);
Ybus(   37,   32) =     -3.7240+ j*(   10.1245);
