j = sqrt(-1);
Ybus = sparse(6);
Ybus(    1,    1) =      6.0250+ j*(  -19.4471);
Ybus(    1,    2) =     -4.9991+ j*(   15.2631);
Ybus(    1,    5) =     -1.0259+ j*(    4.2350);
Ybus(    2,    1) =     -4.9991+ j*(   15.2631);
Ybus(    2,    2) =      9.5213+ j*(  -30.2721);
Ybus(    2,    3) =     -1.1350+ j*(    4.7819);
Ybus(    2,    4) =     -1.6860+ j*(    5.1158);
Ybus(    2,    5) =     -1.7011+ j*(    5.1939);
Ybus(    3,    2) =     -1.1350+ j*(    4.7819);
Ybus(    3,    3) =      3.1210+ j*(   -9.8224);
Ybus(    3,    4) =     -1.9860+ j*(    5.0688);
Ybus(    4,    2) =     -1.6860+ j*(    5.1158);
Ybus(    4,    3) =     -1.9860+ j*(    5.0688);
Ybus(    4,    4) =     10.5130+ j*(  -31.7398);
Ybus(    4,    5) =     -6.8410+ j*(   21.5786);
Ybus(    5,    1) =     -1.0259+ j*(    4.2350);
Ybus(    5,    2) =     -1.7011+ j*(    5.1939);
Ybus(    5,    4) =     -6.8410+ j*(   21.5786);
Ybus(    5,    5) =      9.5680+ j*(  -34.9335);
Ybus(    5,    6) =     -0.0000+ j*(    3.9679);
Ybus(    6,    5) =     -0.0000+ j*(    3.9679);
Ybus(    6,    6) =      0.0000+ j*(   -3.9679);
