j = sqrt(-1);
Ybus = sparse(57);
Ybus(    1,    1) =     14.7682+ j*(  -56.7180);
Ybus(    1,    2) =     -9.7316+ j*(   32.8296);
Ybus(    1,   15) =     -2.0703+ j*(   10.5841);
Ybus(    1,   16) =     -1.0203+ j*(    4.6295);
Ybus(    1,   17) =     -1.9460+ j*(    8.8304);
Ybus(    2,    1) =     -9.7316+ j*(   32.8296);
Ybus(    2,    2) =     13.4047+ j*(  -43.2011);
Ybus(    2,    3) =     -3.6731+ j*(   10.4770);
Ybus(    3,    2) =     -3.6731+ j*(   10.4770);
Ybus(    3,    3) =     16.5925+ j*(  -52.6285);
Ybus(    3,    4) =     -7.6451+ j*(   24.9829);
Ybus(    3,   15) =     -5.2744+ j*(   17.2557);
Ybus(    4,    3) =     -7.6451+ j*(   24.9829);
Ybus(    4,    4) =     12.3855+ j*(  -41.4802);
Ybus(    4,    5) =     -2.9301+ j*(    6.1884);
Ybus(    4,    6) =     -1.8103+ j*(    6.2308);
Ybus(    4,   18) =     -0.0000+ j*(    4.1274);
Ybus(    5,    4) =     -2.9301+ j*(    6.1884);
Ybus(    5,    5) =      8.9450+ j*(  -18.9361);
Ybus(    5,    6) =     -6.0149+ j*(   12.7668);
Ybus(    6,    4) =     -1.8103+ j*(    6.2308);
Ybus(    6,    5) =     -6.0149+ j*(   12.7668);
Ybus(    6,    6) =     10.7672+ j*(  -33.9442);
Ybus(    6,    7) =     -1.8512+ j*(    9.4409);
Ybus(    6,    8) =     -1.0908+ j*(    5.5666);
Ybus(    7,    6) =     -1.8512+ j*(    9.4409);
Ybus(    7,    7) =      4.4924+ j*(  -38.3789);
Ybus(    7,    8) =     -2.6413+ j*(   13.5293);
Ybus(    7,   29) =     -0.0000+ j*(   15.4321);
Ybus(    8,    6) =     -1.0908+ j*(    5.5666);
Ybus(    8,    7) =     -2.6413+ j*(   13.5293);
Ybus(    8,    8) =      7.4704+ j*(  -38.1044);
Ybus(    8,    9) =     -3.7383+ j*(   19.0691);
Ybus(    9,    8) =     -3.7383+ j*(   19.0691);
Ybus(    9,    9) =     10.7445+ j*(  -52.7496);
Ybus(    9,   10) =     -1.2486+ j*(    5.6815);
Ybus(    9,   11) =     -3.2838+ j*(   10.7934);
Ybus(    9,   12) =     -0.7103+ j*(    3.2338);
Ybus(    9,   13) =     -1.7634+ j*(    5.7923);
Ybus(    9,   55) =     -0.0000+ j*(    8.2988);
Ybus(   10,    9) =     -1.2486+ j*(    5.6815);
Ybus(   10,   10) =      2.9080+ j*(  -27.2478);
Ybus(   10,   12) =     -1.6593+ j*(    7.5597);
Ybus(   10,   51) =     -0.0000+ j*(   14.0449);
Ybus(   11,    9) =     -3.2838+ j*(   10.7934);
Ybus(   11,   11) =      7.0922+ j*(  -31.1451);
Ybus(   11,   13) =     -3.8084+ j*(   12.5010);
Ybus(   11,   41) =     -0.0000+ j*(    1.3351);
Ybus(   11,   43) =     -0.0000+ j*(    6.5359);
Ybus(   12,    9) =     -0.7103+ j*(    3.2338);
Ybus(   12,   10) =     -1.6593+ j*(    7.5597);
Ybus(   12,   12) =     10.9825+ j*(  -43.4810);
Ybus(   12,   13) =     -4.8359+ j*(   15.7573);
Ybus(   12,   16) =     -2.5960+ j*(   11.7254);
Ybus(   12,   17) =     -1.1809+ j*(    5.3247);
Ybus(   13,    9) =     -1.7634+ j*(    5.7923);
Ybus(   13,   11) =     -3.8084+ j*(   12.5010);
Ybus(   13,   12) =     -4.8359+ j*(   15.7573);
Ybus(   13,   13) =     20.0729+ j*(  -70.8010);
Ybus(   13,   14) =     -6.4146+ j*(   21.0905);
Ybus(   13,   15) =     -3.2507+ j*(   10.5012);
Ybus(   13,   49) =     -0.0000+ j*(    5.2356);
Ybus(   14,   13) =     -6.4146+ j*(   21.0905);
Ybus(   14,   14) =     11.6209+ j*(  -51.3370);
Ybus(   14,   15) =     -5.2063+ j*(   16.6540);
Ybus(   14,   46) =     -0.0000+ j*(   13.6054);
Ybus(   15,    1) =     -2.0703+ j*(   10.5841);
Ybus(   15,    3) =     -5.2744+ j*(   17.2557);
Ybus(   15,   13) =     -3.2507+ j*(   10.5012);
Ybus(   15,   14) =     -5.2063+ j*(   16.6540);
Ybus(   15,   15) =     15.8016+ j*(  -64.4964);
Ybus(   15,   45) =     -0.0000+ j*(    9.5969);
Ybus(   16,    1) =     -1.0203+ j*(    4.6295);
Ybus(   16,   12) =     -2.5960+ j*(   11.7254);
Ybus(   16,   16) =      3.6163+ j*(  -16.3168);
Ybus(   17,    1) =     -1.9460+ j*(    8.8304);
Ybus(   17,   12) =     -1.1809+ j*(    5.3247);
Ybus(   17,   17) =      3.1269+ j*(  -14.1170);
Ybus(   18,    4) =     -0.0000+ j*(    4.1274);
Ybus(   18,   18) =      0.6762+ j*(   -5.0322);
Ybus(   18,   19) =     -0.6762+ j*(    1.0048);
Ybus(   19,   18) =     -0.6762+ j*(    1.0048);
Ybus(   19,   19) =      1.7304+ j*(   -2.6215);
Ybus(   19,   20) =     -1.0542+ j*(    1.6167);
Ybus(   20,   19) =     -1.0542+ j*(    1.6167);
Ybus(   20,   20) =      1.0542+ j*(   -2.9042);
Ybus(   20,   21) =     -0.0000+ j*(    1.2875);
Ybus(   21,   20) =     -0.0000+ j*(    1.2875);
Ybus(   21,   21) =      3.8522+ j*(   -7.4112);
Ybus(   21,   22) =     -3.8522+ j*(    6.1237);
Ybus(   22,   21) =     -3.8522+ j*(    6.1237);
Ybus(   22,   22) =     49.4366+ j*(  -76.1290);
Ybus(   22,   23) =    -30.0866+ j*(   46.1936);
Ybus(   22,   38) =    -15.4977+ j*(   23.8116);
Ybus(   23,   22) =    -30.0866+ j*(   46.1936);
Ybus(   23,   23) =     31.8698+ j*(  -48.9394);
Ybus(   23,   24) =     -1.7832+ j*(    2.7500);
Ybus(   24,   23) =     -1.7832+ j*(    2.7500);
Ybus(   24,   24) =      1.7832+ j*(  -25.5464);
Ybus(   24,   25) =     -0.0000+ j*(    1.6590);
Ybus(   24,   26) =     -0.0000+ j*(   21.1416);
Ybus(   25,   24) =     -0.0000+ j*(    1.6590);
Ybus(   25,   25) =      2.2870+ j*(   -5.0221);
Ybus(   25,   30) =     -2.2870+ j*(    3.4220);
Ybus(   26,   24) =     -0.0000+ j*(   21.1416);
Ybus(   26,   26) =      1.7986+ j*(  -23.9103);
Ybus(   26,   27) =     -1.7985+ j*(    2.7687);
Ybus(   27,   26) =     -1.7985+ j*(    2.7687);
Ybus(   27,   27) =      6.5817+ j*(  -10.1523);
Ybus(   27,   28) =     -4.7831+ j*(    7.3837);
Ybus(   28,   27) =     -4.7831+ j*(    7.3837);
Ybus(   28,   28) =     12.8325+ j*(  -18.6875);
Ybus(   28,   29) =     -8.0494+ j*(   11.3038);
Ybus(   29,    7) =     -0.0000+ j*(   15.4321);
Ybus(   29,   28) =     -8.0494+ j*(   11.3038);
Ybus(   29,   29) =     10.6354+ j*(  -30.0894);
Ybus(   29,   52) =     -2.5860+ j*(    3.3535);
Ybus(   30,   25) =     -2.2870+ j*(    3.4220);
Ybus(   30,   30) =      3.2098+ j*(   -4.8288);
Ybus(   30,   31) =     -0.9228+ j*(    1.4068);
Ybus(   31,   30) =     -0.9228+ j*(    1.4068);
Ybus(   31,   31) =      1.5358+ j*(   -2.3197);
Ybus(   31,   32) =     -0.6130+ j*(    0.9129);
Ybus(   32,   31) =     -0.6130+ j*(    0.9129);
Ybus(   32,   32) =     14.4517+ j*(  -14.6712);
Ybus(   32,   33) =    -13.8387+ j*(   12.7090);
Ybus(   32,   34) =     -0.0000+ j*(    1.0493);
Ybus(   33,   32) =    -13.8387+ j*(   12.7090);
Ybus(   33,   33) =     13.8387+ j*(  -12.7090);
Ybus(   34,   32) =     -0.0000+ j*(    1.0493);
Ybus(   34,   34) =      5.9172+ j*(   -9.9235);
Ybus(   34,   35) =     -5.9172+ j*(    8.8757);
Ybus(   35,   34) =     -5.9172+ j*(    8.8757);
Ybus(   35,   35) =     15.0029+ j*(  -20.2200);
Ybus(   35,   36) =     -9.0857+ j*(   11.3466);
Ybus(   36,   35) =     -9.0857+ j*(   11.3466);
Ybus(   36,   36) =     32.1521+ j*(  -43.3019);
Ybus(   36,   37) =    -13.2993+ j*(   16.7847);
Ybus(   36,   40) =     -9.7670+ j*(   15.1714);
Ybus(   37,   36) =    -13.2993+ j*(   16.7847);
Ybus(   37,   37) =     29.7189+ j*(  -42.6596);
Ybus(   37,   38) =     -4.5149+ j*(    6.9978);
Ybus(   37,   39) =    -11.9046+ j*(   18.8781);
Ybus(   38,   22) =    -15.4977+ j*(   23.8116);
Ybus(   38,   37) =     -4.5149+ j*(    6.9978);
Ybus(   38,   38) =     38.8460+ j*(  -63.1400);
Ybus(   38,   44) =     -6.7881+ j*(   13.7406);
Ybus(   38,   48) =     -9.4641+ j*(   14.6208);
Ybus(   38,   49) =     -2.5811+ j*(    3.9727);
Ybus(   39,   37) =    -11.9046+ j*(   18.8781);
Ybus(   39,   39) =     11.9046+ j*(  -19.6161);
Ybus(   39,   57) =     -0.0000+ j*(    0.7380);
Ybus(   40,   36) =     -9.7670+ j*(   15.1714);
Ybus(   40,   40) =      9.7670+ j*(  -16.0083);
Ybus(   40,   56) =     -0.0000+ j*(    0.8368);
Ybus(   41,   11) =     -0.0000+ j*(    1.3351);
Ybus(   41,   41) =      2.1521+ j*(   -6.7773);
Ybus(   41,   42) =     -1.2414+ j*(    2.1109);
Ybus(   41,   43) =     -0.0000+ j*(    2.4272);
Ybus(   41,   56) =     -0.9107+ j*(    0.9041);
Ybus(   42,   41) =     -1.2414+ j*(    2.1109);
Ybus(   42,   42) =      2.4879+ j*(   -4.1875);
