j = sqrt(-1);
Ybus = sparse(42);
Ybus(    1,    1) =     40.4624+ j*( -236.9940);
Ybus(    1,    7) =    -40.4624+ j*(  236.9942);
Ybus(    2,    2) =     16.6684+ j*( -118.2652);
Ybus(    2,    3) =    -16.0718+ j*(   90.0690);
Ybus(    2,    5) =     -0.5966+ j*(   28.1970);
Ybus(    3,    2) =    -16.0718+ j*(   90.0690);
Ybus(    3,    3) =     36.9814+ j*( -202.4565);
Ybus(    3,    4) =    -20.9096+ j*(  112.3889);
Ybus(    4,    3) =    -20.9096+ j*(  112.3889);
Ybus(    4,    4) =     20.9096+ j*( -112.3883);
Ybus(    5,    2) =     -0.5966+ j*(   28.1970);
Ybus(    5,    5) =     30.7635+ j*( -299.0254);
Ybus(    5,    6) =     -4.6697+ j*(   46.4792);
Ybus(    5,    8) =    -25.4972+ j*(  224.3753);
Ybus(    6,    5) =     -4.6697+ j*(   46.4792);
Ybus(    6,    6) =     12.6264+ j*( -135.5823);
Ybus(    6,    7) =     -1.6075+ j*(   49.8795);
Ybus(    6,   19) =     -2.7906+ j*(   27.8978);
Ybus(    6,   23) =     -0.6025+ j*(    1.8498);
Ybus(    6,   27) =     -2.7086+ j*(    8.4502);
Ybus(    6,   28) =     -0.2475+ j*(    1.0827);
Ybus(    7,    1) =    -40.4624+ j*(  236.9942);
Ybus(    7,    6) =     -1.6075+ j*(   49.8795);
Ybus(    7,    7) =     42.4910+ j*( -288.4014);
Ybus(    7,   27) =     -0.4211+ j*(    1.5279);
Ybus(    8,    5) =    -25.4972+ j*(  224.3753);
Ybus(    8,    8) =     30.7222+ j*( -284.5014);
Ybus(    8,    9) =     -0.3822+ j*(   13.4844);
Ybus(    8,   17) =     -4.8428+ j*(   46.6673);
Ybus(    9,    8) =     -0.3822+ j*(   13.4844);
Ybus(    9,    9) =      0.3822+ j*(  -13.4844);
Ybus(   10,   10) =      0.3052+ j*(  -10.0622);
Ybus(   10,   28) =     -0.3052+ j*(   10.0622);
Ybus(   11,   11) =      0.3129+ j*(  -10.1872);
Ybus(   11,   28) =     -0.3129+ j*(   10.1872);
Ybus(   12,   12) =      2.0089+ j*(  -61.3593);
Ybus(   12,   28) =     -2.0089+ j*(   61.3593);
Ybus(   13,   13) =      1.6968+ j*(  -69.4078);
Ybus(   13,   27) =     -1.6968+ j*(   69.4078);
Ybus(   14,   14) =      0.3859+ j*(  -19.2601);
Ybus(   14,   27) =     -0.3859+ j*(   19.2601);
Ybus(   15,   15) =      0.2051+ j*(  -15.2668);
Ybus(   15,   27) =     -0.2051+ j*(   15.2668);
Ybus(   16,   16) =      0.2014+ j*(  -15.3019);
Ybus(   16,   27) =     -0.2014+ j*(   15.3019);
Ybus(   17,    8) =     -4.8428+ j*(   46.6673);
Ybus(   17,   17) =     14.0233+ j*( -166.7400);
Ybus(   17,   18) =     -0.7366+ j*(   42.9058);
Ybus(   17,   27) =     -8.4439+ j*(   77.2014);
Ybus(   18,   17) =     -0.7366+ j*(   42.9058);
Ybus(   18,   18) =     16.9004+ j*( -177.4381);
Ybus(   18,   20) =     -8.0935+ j*(   58.7656);
Ybus(   18,   32) =     -8.0704+ j*(   75.7687);
Ybus(   19,    6) =     -2.7906+ j*(   27.8978);
Ybus(   19,   19) =      8.7982+ j*(  -90.8472);
Ybus(   19,   31) =     -6.0076+ j*(   62.9999);
Ybus(   20,   18) =     -8.0935+ j*(   58.7656);
Ybus(   20,   20) =     37.0466+ j*( -164.6243);
Ybus(   20,   21) =    -23.2372+ j*(   64.6402);
Ybus(   20,   25) =     -5.7160+ j*(   41.2243);
Ybus(   21,   20) =    -23.2372+ j*(   64.6402);
Ybus(   21,   21) =     40.2801+ j*( -123.1693);
Ybus(   21,   22) =     -4.9331+ j*(   18.1116);
Ybus(   21,   30) =    -12.1098+ j*(   40.4253);
Ybus(   22,   21) =     -4.9331+ j*(   18.1116);
Ybus(   22,   22) =      4.9331+ j*(  -18.1086);
Ybus(   23,    6) =     -0.6025+ j*(    1.8498);
Ybus(   23,   23) =      6.8215+ j*(  -43.8339);
Ybus(   23,   24) =     -5.9629+ j*(   40.7242);
Ybus(   23,   27) =     -0.2561+ j*(    1.2616);
Ybus(   24,   23) =     -5.9629+ j*(   40.7242);
Ybus(   24,   24) =     10.6721+ j*(  -72.8711);
Ybus(   24,   32) =     -4.7091+ j*(   32.1510);
Ybus(   25,   20) =     -5.7160+ j*(   41.2243);
Ybus(   25,   25) =     47.0552+ j*( -339.7972);
Ybus(   25,   26) =    -20.6992+ j*(  149.8117);
Ybus(   25,   32) =    -20.6401+ j*(  148.7664);
Ybus(   26,   25) =    -20.6992+ j*(  149.8117);
Ybus(   26,   26) =     54.3601+ j*( -272.1086);
Ybus(   26,   30) =     -7.8094+ j*(   29.9537);
Ybus(   26,   42) =    -25.8515+ j*(   92.3663);
Ybus(   27,    6) =     -2.7086+ j*(    8.4502);
Ybus(   27,    7) =     -0.4211+ j*(    1.5279);
Ybus(   27,   13) =     -1.6968+ j*(   69.4078);
Ybus(   27,   14) =     -0.3859+ j*(   19.2601);
Ybus(   27,   15) =     -0.2051+ j*(   15.2668);
Ybus(   27,   16) =     -0.2014+ j*(   15.3019);
Ybus(   27,   17) =     -8.4439+ j*(   77.2014);
Ybus(   27,   23) =     -0.2561+ j*(    1.2616);
Ybus(   27,   27) =     26.2754+ j*( -337.3994);
Ybus(   27,   28) =     -0.4127+ j*(   42.7828);
Ybus(   27,   31) =    -11.5438+ j*(   86.9632);
Ybus(   28,    6) =     -0.2475+ j*(    1.0827);
Ybus(   28,   10) =     -0.3052+ j*(   10.0622);
Ybus(   28,   11) =     -0.3129+ j*(   10.1872);
Ybus(   28,   12) =     -2.0089+ j*(   61.3593);
Ybus(   28,   27) =     -0.4127+ j*(   42.7828);
Ybus(   28,   28) =     28.7856+ j*(-2284.9735);
Ybus(   28,   29) =     -0.4000+ j*( 1999.9998);
Ybus(   28,   36) =     -8.2311+ j*(   60.6106);
Ybus(   28,   37) =     -8.3318+ j*(   60.9733);
Ybus(   28,   38) =     -8.5356+ j*(   37.9193);
Ybus(   29,   28) =     -0.4000+ j*( 1999.9998);
Ybus(   29,   29) =      0.4000+ j*(-1999.9998);
Ybus(   30,   21) =    -12.1098+ j*(   40.4253);
Ybus(   30,   26) =     -7.8094+ j*(   29.9537);
Ybus(   30,   30) =     19.9192+ j*(  -70.3568);
Ybus(   31,   19) =     -6.0076+ j*(   62.9999);
Ybus(   31,   27) =    -11.5438+ j*(   86.9632);
Ybus(   31,   31) =     19.3614+ j*( -235.0047);
Ybus(   31,   32) =     -1.8100+ j*(   85.0679);
Ybus(   32,   18) =     -8.0704+ j*(   75.7687);
Ybus(   32,   24) =     -4.7091+ j*(   32.1510);
Ybus(   32,   25) =    -20.6401+ j*(  148.7664);
Ybus(   32,   31) =     -1.8100+ j*(   85.0679);
Ybus(   32,   32) =     51.8168+ j*( -465.3017);
Ybus(   32,   33) =    -11.7472+ j*(   87.7124);
Ybus(   32,   37) =     -4.8401+ j*(   35.8428);
Ybus(   33,   32) =    -11.7472+ j*(   87.7124);
Ybus(   33,   33) =     23.4944+ j*( -175.4234);
Ybus(   33,   35) =    -11.7472+ j*(   87.7124);
Ybus(   34,   34) =    483.5425+ j*(-1730.0757);
Ybus(   34,   35) =    -11.8444+ j*(   79.1333);
Ybus(   34,   42) =   -471.6981+ j*( 1650.9434);
Ybus(   35,   33) =    -11.7472+ j*(   87.7124);
Ybus(   35,   34) =    -11.8444+ j*(   79.1333);
Ybus(   35,   35) =     35.7202+ j*( -199.6756);
Ybus(   35,   41) =    -12.1286+ j*(   32.8331);
Ybus(   36,   28) =     -8.2311+ j*(   60.6106);
Ybus(   36,   36) =     15.8005+ j*(-2094.4233);
Ybus(   36,   37) =     -0.4000+ j*( 1999.9998);
Ybus(   36,   39) =     -7.1694+ j*(   33.8157);
Ybus(   37,   28) =     -8.3318+ j*(   60.9733);
Ybus(   37,   32) =     -4.8401+ j*(   35.8428);
Ybus(   37,   36) =     -0.4000+ j*( 1999.9998);
Ybus(   37,   37) =     13.5718+ j*(-2096.8130);
Ybus(   38,   28) =     -8.5356+ j*(   37.9193);
Ybus(   38,   38) =      8.5356+ j*(  -37.9176);
Ybus(   39,   36) =     -7.1694+ j*(   33.8157);
Ybus(   39,   39) =     30.2187+ j*( -151.5564);
Ybus(   39,   40) =     -9.0354+ j*(   64.9686);
Ybus(   39,   41) =    -14.0140+ j*(   52.7760);
Ybus(   40,   39) =     -9.0354+ j*(   64.9686);
Ybus(   40,   40) =      9.0354+ j*(  -64.9675);
Ybus(   41,   35) =    -12.1286+ j*(   32.8331);
Ybus(   41,   39) =    -14.0140+ j*(   52.7760);
Ybus(   41,   41) =     26.1426+ j*(  -85.6065);
Ybus(   42,   26) =    -25.8515+ j*(   92.3663);
Ybus(   42,   34) =   -471.6981+ j*( 1650.9434);
Ybus(   42,   42) =    497.5496+ j*(-1743.3089);
