j = sqrt(-1);
Ybus = sparse(7);
Ybus(    1,    1) =      0.0000+ j*(   -6.5799);
Ybus(    1,    2) =     -0.0000+ j*(    4.7819);
Ybus(    1,    3) =     -0.0000+ j*(    1.7980);
Ybus(    2,    1) =     -0.0000+ j*(    4.7819);
Ybus(    2,    2) =      0.0000+ j*(  -13.8720);
Ybus(    2,    3) =     -0.0000+ j*(    9.0901);
Ybus(    3,    1) =     -0.0000+ j*(    1.7980);
Ybus(    3,    2) =     -0.0000+ j*(    9.0901);
Ybus(    3,    3) =      5.3261+ j*(  -24.0925);
Ybus(    3,    4) =     -3.9020+ j*(   10.3654);
Ybus(    3,    7) =     -1.4240+ j*(    3.0291);
Ybus(    4,    3) =     -3.9020+ j*(   10.3654);
Ybus(    4,    4) =      5.7829+ j*(  -14.7683);
Ybus(    4,    5) =     -1.8809+ j*(    4.4029);
Ybus(    5,    4) =     -1.8809+ j*(    4.4029);
Ybus(    5,    5) =      1.8809+ j*(   -4.4029);
Ybus(    6,    6) =      1.1370+ j*(   -2.3150);
Ybus(    6,    7) =     -1.1370+ j*(    2.3150);
Ybus(    7,    3) =     -1.4240+ j*(    3.0291);
Ybus(    7,    6) =     -1.1370+ j*(    2.3150);
Ybus(    7,    7) =      2.5610+ j*(   -5.3440);
