j = sqrt(-1);
Ybus = sparse(6);
Ybus(    1,    1) =      6.5799+ j*(  -13.3728);
Ybus(    1,    3) =     -1.9550+ j*(    4.0941);
Ybus(    1,    4) =     -1.5260+ j*(    3.1760);
Ybus(    1,    5) =     -3.0989+ j*(    6.1028);
Ybus(    2,    2) =      1.8809+ j*(   -4.4029);
Ybus(    2,    3) =     -1.8809+ j*(    4.4029);
Ybus(    3,    1) =     -1.9550+ j*(    4.0941);
Ybus(    3,    2) =     -1.8809+ j*(    4.4029);
Ybus(    3,    3) =      3.8359+ j*(   -8.4970);
Ybus(    4,    1) =     -1.5260+ j*(    3.1760);
Ybus(    4,    4) =      4.0150+ j*(   -5.4279);
Ybus(    4,    5) =     -2.4890+ j*(    2.2520);
Ybus(    5,    1) =     -3.0989+ j*(    6.1028);
Ybus(    5,    4) =     -2.4890+ j*(    2.2520);
Ybus(    5,    5) =      6.7249+ j*(  -10.6697);
Ybus(    5,    6) =     -1.1370+ j*(    2.3150);
Ybus(    6,    5) =     -1.1370+ j*(    2.3150);
Ybus(    6,    6) =      1.1370+ j*(   -2.3150);
