j = sqrt(-1);
Ybus = sparse(118);
Ybus(    1,    1) =      9.3480+ j*(  -30.7354);
Ybus(    1,    2) =     -2.7803+ j*(    9.1667);
Ybus(    1,    3) =     -6.5677+ j*(   21.5867);
Ybus(    2,    1) =     -2.7803+ j*(    9.1667);
Ybus(    2,    2) =      7.2926+ j*(  -24.0101);
Ybus(    2,   12) =     -4.5123+ j*(   14.8640);
Ybus(    3,    1) =     -6.5677+ j*(   21.5867);
Ybus(    3,    3) =     10.2680+ j*(  -36.0929);
Ybus(    3,    5) =     -1.9682+ j*(    8.8201);
Ybus(    3,   12) =     -1.7321+ j*(    5.7260);
Ybus(    4,    4) =     30.3983+ j*( -132.7975);
Ybus(    4,    5) =    -26.3560+ j*(  119.5004);
Ybus(    4,   11) =     -4.0424+ j*(   13.3069);
Ybus(    5,    3) =     -1.9682+ j*(    8.8201);
Ybus(    5,    4) =    -26.3560+ j*(  119.5004);
Ybus(    5,    5) =     36.2255+ j*( -197.2729);
Ybus(    5,    6) =     -3.8919+ j*(   17.6609);
Ybus(    5,    8) =     -0.0001+ j*(   37.4532);
Ybus(    5,   11) =     -4.0092+ j*(   13.4694);
Ybus(    6,    5) =     -3.8919+ j*(   17.6609);
Ybus(    6,    6) =     14.0086+ j*(  -63.4954);
Ybus(    6,    7) =    -10.1166+ j*(   45.8445);
Ybus(    7,    6) =    -10.1166+ j*(   45.8445);
Ybus(    7,    7) =     17.1230+ j*(  -73.4728);
Ybus(    7,   12) =     -7.0064+ j*(   27.6354);
Ybus(    8,    5) =     -0.0001+ j*(   37.4532);
Ybus(    8,    8) =      4.2908+ j*(  -88.8908);
Ybus(    8,    9) =     -2.6063+ j*(   32.5784);
Ybus(    8,   30) =     -1.6844+ j*(   19.6972);
Ybus(    9,    8) =     -2.6063+ j*(   32.5784);
Ybus(    9,    9) =      5.0787+ j*(  -62.2402);
Ybus(    9,   10) =     -2.4725+ j*(   30.8578);
Ybus(   10,    9) =     -2.4725+ j*(   30.8578);
Ybus(   10,   10) =      2.4725+ j*(  -30.2428);
Ybus(   11,    4) =     -4.0424+ j*(   13.3069);
Ybus(   11,    5) =     -4.0092+ j*(   13.4694);
Ybus(   11,   11) =     26.0438+ j*(  -85.9823);
Ybus(   11,   12) =    -14.1814+ j*(   46.7153);
Ybus(   11,   13) =     -3.8108+ j*(   12.5200);
Ybus(   12,    2) =     -4.5123+ j*(   14.8640);
Ybus(   12,    3) =     -1.7321+ j*(    5.7260);
Ybus(   12,    7) =     -7.0064+ j*(   27.6354);
Ybus(   12,   11) =    -14.1814+ j*(   46.7153);
Ybus(   12,   12) =     35.8231+ j*( -125.8467);
Ybus(   12,   14) =     -3.9372+ j*(   12.9470);
Ybus(   12,   16) =     -2.8629+ j*(   11.2627);
Ybus(   12,  117) =     -1.5907+ j*(    6.7690);
Ybus(   13,   11) =     -3.8108+ j*(   12.5200);
Ybus(   13,   13) =      4.9507+ j*(  -16.2239);
Ybus(   13,   15) =     -1.1399+ j*(    3.7446);
Ybus(   14,   12) =     -3.9372+ j*(   12.9470);
Ybus(   14,   14) =      5.3687+ j*(  -17.6042);
Ybus(   14,   15) =     -1.4315+ j*(    4.6914);
Ybus(   15,   13) =     -1.1399+ j*(    3.7446);
Ybus(   15,   14) =     -1.4315+ j*(    4.6914);
Ybus(   15,   15) =     18.2255+ j*(  -59.8851);
Ybus(   15,   17) =     -6.3342+ j*(   20.9700);
Ybus(   15,   19) =     -7.0740+ j*(   23.2262);
Ybus(   15,   33) =     -2.2459+ j*(    7.3525);
Ybus(   16,   12) =     -2.8629+ j*(   11.2627);
Ybus(   16,   16) =      4.1790+ j*(  -16.4494);
Ybus(   16,   17) =     -1.3161+ j*(    5.2207);
Ybus(   17,   15) =     -6.3342+ j*(   20.9700);
Ybus(   17,   16) =     -1.3161+ j*(    5.2207);
Ybus(   17,   17) =     23.2082+ j*( -106.8638);
Ybus(   17,   18) =     -4.5530+ j*(   18.6930);
Ybus(   17,   30) =     -0.0001+ j*(   25.7732);
Ybus(   17,   31) =     -1.7768+ j*(    5.8591);
Ybus(   17,  113) =     -9.2281+ j*(   30.4235);
Ybus(   18,   17) =     -4.5530+ j*(   18.6930);
Ybus(   18,   18) =      8.9314+ j*(  -37.9710);
Ybus(   18,   19) =     -4.3784+ j*(   19.2902);
Ybus(   19,   15) =     -7.0740+ j*(   23.2262);
Ybus(   19,   18) =     -4.3784+ j*(   19.2902);
Ybus(   19,   19) =     14.3397+ j*(  -54.3323);
Ybus(   19,   20) =     -1.7593+ j*(    8.1681);
Ybus(   19,   34) =     -1.1280+ j*(    3.7051);
Ybus(   20,   19) =     -1.7593+ j*(    8.1681);
Ybus(   20,   20) =      4.1854+ j*(  -19.3980);
Ybus(   20,   21) =     -2.4261+ j*(   11.2556);
Ybus(   21,   20) =     -2.4261+ j*(   11.2556);
Ybus(   21,   21) =      4.5489+ j*(  -21.0844);
Ybus(   21,   22) =     -2.1227+ j*(    9.8519);
Ybus(   22,   21) =     -2.1227+ j*(    9.8519);
Ybus(   22,   22) =      3.4157+ j*(  -15.8306);
Ybus(   22,   23) =     -1.2930+ j*(    6.0112);
Ybus(   23,   22) =     -1.2930+ j*(    6.0112);
Ybus(   23,   23) =     11.0447+ j*(  -44.8719);
Ybus(   23,   24) =     -5.1865+ j*(   18.9021);
Ybus(   23,   25) =     -2.3482+ j*(   12.0421);
Ybus(   23,   32) =     -2.2169+ j*(    8.0635);
Ybus(   24,   23) =     -5.1865+ j*(   18.9021);
Ybus(   24,   24) =      6.3957+ j*(  -26.0361);
Ybus(   24,   70) =     -0.0131+ j*(    2.4301);
Ybus(   24,   72) =     -1.1962+ j*(    4.8042);
Ybus(   25,   23) =     -2.3482+ j*(   12.0421);
Ybus(   25,   25) =      3.5013+ j*(  -43.9987);
Ybus(   25,   26) =     -0.0001+ j*(   26.1780);
Ybus(   25,   27) =     -1.1530+ j*(    5.9100);
Ybus(   26,   25) =     -0.0001+ j*(   26.1780);
Ybus(   26,   26) =      1.0711+ j*(  -37.2524);
Ybus(   26,   30) =     -1.0711+ j*(   11.5284);
Ybus(   27,   25) =     -1.1530+ j*(    5.9100);
Ybus(   27,   27) =     10.1714+ j*(  -41.9241);
Ybus(   27,   28) =     -2.4921+ j*(   11.1383);
Ybus(   27,   32) =     -3.6789+ j*(   12.1292);
Ybus(   27,  115) =     -2.8473+ j*(   12.8651);
Ybus(   28,   27) =     -2.4921+ j*(   11.1383);
Ybus(   28,   28) =      4.9989+ j*(  -21.0900);
Ybus(   28,   29) =     -2.5068+ j*(    9.9744);
Ybus(   29,   28) =     -2.5068+ j*(    9.9744);
Ybus(   29,   29) =     11.4159+ j*(  -37.2630);
Ybus(   29,   31) =     -8.9091+ j*(   27.3046);
Ybus(   30,    8) =     -1.6844+ j*(   19.6972);
Ybus(   30,   17) =     -0.0001+ j*(   25.7732);
Ybus(   30,   26) =     -1.0711+ j*(   11.5284);
Ybus(   30,   30) =      4.3351+ j*(  -74.4596);
Ybus(   30,   38) =     -1.5796+ j*(   18.3828);
Ybus(   31,   17) =     -1.7768+ j*(    5.8591);
Ybus(   31,   29) =     -8.9091+ j*(   27.3046);
Ybus(   31,   31) =     13.4998+ j*(  -42.4280);
Ybus(   31,   32) =     -2.8139+ j*(    9.3010);
Ybus(   32,   23) =     -2.2169+ j*(    8.0635);
Ybus(   32,   27) =     -3.6789+ j*(   12.1292);
Ybus(   32,   31) =     -2.8139+ j*(    9.3010);
Ybus(   32,   32) =     13.5138+ j*(  -49.4725);
Ybus(   32,  113) =     -1.3669+ j*(    4.5120);
Ybus(   32,  114) =     -3.4371+ j*(   15.5817);
Ybus(   33,   15) =     -2.2459+ j*(    7.3525);
Ybus(   33,   33) =      4.1421+ j*(  -13.8063);
Ybus(   33,   37) =     -1.8962+ j*(    6.4881);
Ybus(   34,   19) =     -1.1280+ j*(    3.7051);
Ybus(   34,   34) =     40.4466+ j*( -141.9010);
Ybus(   34,   36) =    -10.9683+ j*(   33.7487);
Ybus(   34,   37) =    -26.9719+ j*(   99.0374);
Ybus(   34,   43) =     -1.3784+ j*(    5.6102);
Ybus(   35,   35) =     24.7849+ j*( -112.7017);
Ybus(   35,   36) =    -20.5396+ j*(   93.5286);
Ybus(   35,   37) =     -4.2453+ j*(   19.1811);
Ybus(   36,   34) =    -10.9683+ j*(   33.7487);
Ybus(   36,   35) =    -20.5396+ j*(   93.5286);
Ybus(   36,   36) =     31.5079+ j*( -127.2731);
Ybus(   37,   33) =     -1.8962+ j*(    6.4881);
Ybus(   37,   34) =    -26.9719+ j*(   99.0374);
Ybus(   37,   35) =     -4.2453+ j*(   19.1811);
Ybus(   37,   37) =     37.5986+ j*( -165.4934);
Ybus(   37,   38) =     -0.0001+ j*(   26.6667);
Ybus(   37,   39) =     -2.6169+ j*(    8.6415);
Ybus(   37,   40) =     -1.8683+ j*(    5.2929);
Ybus(   38,   30) =     -1.5796+ j*(   18.3828);
Ybus(   38,   37) =     -0.0001+ j*(   26.6667);
Ybus(   38,   38) =      2.4987+ j*(  -54.3735);
Ybus(   38,   65) =     -0.9191+ j*(   10.0580);
Ybus(   39,   37) =     -2.6169+ j*(    8.6415);
Ybus(   39,   39) =      7.2183+ j*(  -23.7497);
Ybus(   39,   40) =     -4.6014+ j*(   15.1295);
Ybus(   40,   37) =     -1.8683+ j*(    5.2929);
Ybus(   40,   39) =     -4.6014+ j*(   15.1295);
Ybus(   40,   40) =     13.6032+ j*(  -44.2302);
Ybus(   40,   41) =     -5.6159+ j*(   18.8618);
Ybus(   40,   42) =     -1.5177+ j*(    5.0042);
Ybus(   41,   40) =     -5.6159+ j*(   18.8618);
