j = sqrt(-1);
Ybus = sparse(7);
Ybus(    1,    1) =      4.5222+ j*(  -15.0354);
Ybus(    1,    2) =     -1.1350+ j*(    4.7819);
Ybus(    1,    3) =     -1.6860+ j*(    5.1158);
Ybus(    1,    4) =     -1.7011+ j*(    5.1939);
Ybus(    2,    1) =     -1.1350+ j*(    4.7819);
Ybus(    2,    2) =      3.1210+ j*(   -9.8224);
Ybus(    2,    3) =     -1.9860+ j*(    5.0688);
Ybus(    3,    1) =     -1.6860+ j*(    5.1158);
Ybus(    3,    2) =     -1.9860+ j*(    5.0688);
Ybus(    3,    3) =     10.5130+ j*(  -38.3197);
Ybus(    3,    4) =     -6.8410+ j*(   21.5786);
Ybus(    3,    5) =     -0.0000+ j*(    4.7819);
Ybus(    3,    7) =     -0.0000+ j*(    1.7980);
Ybus(    4,    1) =     -1.7011+ j*(    5.1939);
Ybus(    4,    3) =     -6.8410+ j*(   21.5786);
Ybus(    4,    4) =      8.5421+ j*(  -26.7552);
Ybus(    5,    3) =     -0.0000+ j*(    4.7819);
Ybus(    5,    5) =      0.0000+ j*(  -19.5490);
Ybus(    5,    6) =     -0.0000+ j*(    5.6770);
Ybus(    5,    7) =     -0.0000+ j*(    9.0901);
Ybus(    6,    5) =     -0.0000+ j*(    5.6770);
Ybus(    6,    6) =      0.0000+ j*(   -5.6770);
Ybus(    7,    3) =     -0.0000+ j*(    1.7980);
Ybus(    7,    5) =     -0.0000+ j*(    9.0901);
Ybus(    7,    7) =      0.0000+ j*(  -10.6981);
